0
780
783
787
787
787
788
789
789
790
791
791
792
792
792
793
793
793
794
794
795
796
797
797
798
799
800
800
812
1080
1499
1582
0
526
749
764
779
782
783
784
788
789
790
801
821
828
833
894
1048
1069
1178
1232
1265
1318
1327
1340
1349
1395
1458
1492
1600
1833
1929
2188
782
785
786
788
792
793
794
796
797
797
797
799
800
801
801
802
804
805
805
806
807
808
808
811
812
815
817
818
820
823
1132
1742
754
779
782
782
784
785
785
787
788
789
791
794
795
795
796
796
797
799
800
802
802
804
808
810
815
817
819
834
839
917
1019
1825
841
846
847
848
848
849
852
852
852
853
857
859
864
868
876
881
889
901
1003
1048
1059
1105
1136
1142
1171
1194
1446
1466
1489
1516
2054
2132
777
833
836
841
842
844
844
844
844
845
850
851
851
851
852
853
854
858
859
870
872
876
876
878
879
881
893
896
898
910
971
3781
768
782
787
788
793
840
840
844
844
844
846
846
847
849
849
850
850
851
852
853
855
859
860
861
862
863
863
866
867
868
976
1307
0
773
848
853
855
862
862
862
865
866
869
870
872
873
873
874
875
877
877
879
880
885
1079
1168
1248
1343
1379
1413
1463
1645
1677
1818
784
785
791
793
794
794
796
806
842
846
848
862
864
867
870
872
872
872
878
881
884
889
889
906
1025
1200
1201
1218
1385
1455
1945
2551
834
838
842
844
844
844
845
847
847
848
848
849
851
852
852
853
855
855
856
857
858
859
860
861
861
862
862
864
868
877
1131
2267
781
782
784
785
789
795
797
799
810
839
839
851
852
853
855
855
856
856
860
860
865
866
868
870
870
874
881
1019
1390
1538
1905
2315
767
776
777
780
780
785
785
789
790
793
793
794
801
801
804
877
879
882
892
1174
1201
1271
1352
1362
1410
1420
1428
1447
1674
1712
2202
2214
765
770
773
777
780
781
781
782
783
784
784
784
785
785
786
788
788
788
791
796
797
855
857
863
864
869
889
892
899
970
1260
1666
759
771
774
779
781
782
784
788
789
793
807
849
858
859
861
862
863
863
865
868
869
870
871
876
877
879
891
895
925
1319
1402
1440
0
702
750
770
789
846
849
850
865
871
871
873
878
881
884
888
892
902
990
1033
1051
1180
1191
1210
1224
1275
1315
1458
1555
2245
2328
2518
758
759
763
766
767
769
770
771
779
859
867
868
871
873
873
875
879
879
883
883
885
886
888
889
897
898
905
905
917
1150
1352
1496
836
857
859
860
861
863
863
865
866
866
866
866
866
867
867
867
868
869
870
870
871
872
872
875
875
876
877
879
880
892
945
1588
794
796
801
804
839
846
847
849
853
864
864
865
865
880
945
981
995
1113
1247
1292
1384
1426
1472
1476
1549
1555
1606
1628
1738
1747
2414
2455
0
766
767
768
769
771
772
775
775
776
778
778
779
785
785
796
797
800
803
847
853
854
855
861
868
870
880
1055
1279
1297
1311
1354
832
849
851
852
857
860
860
861
861
863
863
863
864
864
864
865
866
868
870
870
870
871
871
872
872
873
873
874
875
882
969
1821
781
789
795
804
805
806
811
812
813
813
814
814
817
820
821
825
825
826
1083
1096
1128
1218
1231
1352
1462
1571
1724
1844
1859
2046
2077
2532
777
784
785
785
787
789
789
789
790
790
793
793
796
797
800
802
841
842
842
844
854
866
870
871
872
910
1055
1189
1262
1806
1891
4724
733
762
763
763
764
764
765
765
766
767
767
770
770
770
770
772
775
775
776
780
781
784
784
787
791
842
852
853
855
864
877
1723
766
769
771
772
773
773
774
774
775
776
777
779
780
784
784
786
786
787
789
790
790
792
793
794
796
819
1206
1380
1391
1452
2080
2168
780
780
782
782
782
782
784
788
789
789
793
794
796
800
838
868
898
941
1006
1041
1055
1247
1249
1264
1297
1604
1641
1687
1697
1956
2206
2794
763
776
778
778
779
780
780
781
786
788
789
789
791
791
792
793
796
797
798
798
798
804
804
806
808
876
881
889
897
900
902
917
744
772
772
772
773
774
774
776
779
780
786
786
786
791
792
864
871
871
875
878
879
879
886
886
892
893
897
1021
1028
1097
1672
1770
780
786
933
979
1022
1027
1027
1034
1040
1042
1052
1074
1121
1157
1164
1171
1176
1249
1254
1352
1363
1394
1431
1465
1531
1662
1735
1748
1811
1814
2790
3492
779
790
798
798
798
799
799
799
799
799
800
801
801
803
803
804
805
805
806
806
809
812
814
821
822
823
823
833
834
845
852
1508
800
803
805
806
808
808
812
813
813
813
815
824
825
826
876
888
890
890
891
893
893
898
900
905
918
919
920
922
922
996
1024
1816
767
785
788
789
795
810
813
814
818
820
820
820
823
825
852
875
879
897
1130
1179
1181
1230
1236
1351
1380
1388
1467
1467
1801
1803
2036
2543
766
778
785
789
790
791
800
801
803
803
804
805
810
810
810
832
843
854
854
859
865
867
869
874
887
902
1166
1220
1319
1381
1443
1709
778
779
780
783
783
784
786
787
790
793
794
796
796
797
799
803
804
808
808
809
815
853
856
865
868
875
880
883
1064
1085
1150
2218
845
849
853
858
860
862
864
865
865
866
868
869
874
877
878
882
889
1180
1181
1273
1282
1290
1306
1342
1343
1457
1789
1802
2052
2202
2826
4956
756
785
791
791
792
792
794
796
799
815
818
837
844
846
846
848
849
851
858
863
865
865
865
868
871
872
881
885
1045
1209
1268
2582
775
779
781
789
790
790
793
794
797
797
798
799
800
804
805
808
810
811
812
814
818
818
820
820
821
826
828
832
835
838
840
1253
766
775
783
785
792
795
800
801
803
803
806
808
809
812
812
814
814
817
820
821
822
827
828
830
846
872
1200
1212
1426
1607
1677
2088
780
786
788
788
791
791
792
792
793
794
794
795
795
797
799
800
800
804
805
806
808
841
1085
1325
1406
1471
1490
1524
1774
2025
2276
3008
788
789
791
795
795
797
797
799
800
800
801
802
802
802
802
804
805
805
807
809
812
814
817
819
819
822
825
826
831
837
1107
1277
771
775
785
785
787
794
797
798
800
802
802
803
803
806
806
807
808
808
809
815
824
825
863
865
870
873
875
876
878
1049
1677
2777
0
817
842
847
850
853
854
856
859
865
865
867
867
873
874
878
1038
1199
1228
1238
1239
1298
1322
1322
1385
1514
1517
1551
1721
2052
2819
3154
849
852
857
858
860
861
861
862
862
864
864
867
867
869
873
874
876
878
878
881
882
883
883
884
888
889
889
894
904
1289
1329
1573
795
842
851
856
865
865
866
867
867
869
870
872
873
875
875
876
877
878
880
881
882
882
886
888
889
892
896
896
900
900
1235
1281
787
795
795
799
816
823
824
837
853
874
875
876
887
887
889
899
903
903
907
1029
1186
1289
1425
1442
1920
2135
2253
2272
2335
2396
2396
2849
821
824
826
826
829
831
837
839
843
843
844
846
847
850
850
851
851
855
856
857
860
862
864
864
897
915
920
924
948
1084
1420
1726
753
757
768
769
776
783
790
794
798
801
803
804
805
806
809
810
810
810
813
813
814
814
815
816
820
823
824
834
844
854
1066
1245
856
857
859
860
861
862
862
866
871
871
871
871
872
877
882
882
1068
1093
1106
1147
1152
1161
1247
1328
1331
1338
1445
1532
1731
1735
1928
2289
777
778
783
791
792
793
793
793
794
796
796
797
798
799
803
804
806
807
810
811
815
815
816
818
820
826
828
831
839
907
1105
1128
759
767
771
772
772
772
773
773
773
773
775
776
781
781
782
783
784
785
785
787
787
788
788
789
790
796
796
797
799
801
1304
1478
850
854
857
858
859
859
860
860
863
863
865
866
869
870
871
872
873
877
878
879
880
901
1005
1030
1072
1211
1212
1224
1840
2131
2137
2225
765
765
767
767
768
772
779
781
783
784
784
785
788
789
789
791
792
792
798
799
799
804
805
807
807
887
936
1355
1360
1458
1561
2778
769
775
777
778
780
781
782
783
783
783
785
786
786
786
788
789
789
789
789
789
791
792
793
794
794
795
797
797
798
798
802
803
759
775
778
778
778
782
783
784
785
788
789
789
790
791
791
792
792
792
792
793
793
793
794
795
795
796
799
806
817
822
1197
1286
794
800
801
802
804
804
805
807
807
807
809
809
816
816
819
827
828
828
832
991
1064
1077
1209
1216
1250
1268
1287
1312
1586
1625
2101
2358
838
850
851
852
852
855
855
855
855
857
857
860
860
862
863
864
864
865
866
868
869
870
873
874
875
875
881
883
887
889
893
1415
772
781
782
783
783
783
786
786
786
788
788
789
789
792
792
792
792
794
797
800
801
802
812
813
820
821
822
826
832
840
1020
1041
776
781
799
804
816
823
829
831
858
859
862
863
865
866
1020
1080
1099
1169
1172
1184
1355
1369
1377
1398
1435
1445
1467
1633
1717
1854
1984
2137
837
839
842
843
843
844
845
846
847
849
850
853
853
854
854
855
860
860
862
864
865
865
869
870
874
883
1039
1145
1165
1192
1625
1659
663
787
789
795
830
841
842
843
844
844
847
847
851
851
852
852
854
861
862
872
1014
1016
1254
1290
1446
1464
1576
1766
2208
2353
2364
3958
752
773
776
778
779
781
783
784
785
790
792
794
796
800
812
815
825
1043
1166
1205
1250
1284
1317
1319
1344
1393
1470
1482
1495
1890
1902
3489
828
829
834
840
843
845
845
845
845
846
846
847
847
848
848
849
851
851
852
854
856
856
856
856
856
858
858
859
859
860
862
991
733
739
745
769
772
774
774
778
780
781
781
782
783
784
786
786
788
788
791
799
800
800
832
835
839
844
845
847
847
859
865
919
762
772
776
777
783
785
787
787
788
789
789
789
792
792
793
799
802
803
803
804
808
1065
1126
1137
1151
1175
1193
1242
1407
1486
1844
1963
773
777
786
792
795
796
797
797
799
800
801
802
804
804
805
807
809
812
813
889
980
1069
1106
1229
1261
1271
1315
1343
1346
1383
1423
1608
786
786
787
790
792
796
797
798
798
800
802
802
803
805
805
806
942
1015
1035
1040
1051
1104
1113
1116
1120
1120
1133
1138
1139
1151
1177
1265
725
728
756
760
763
764
764
767
768
768
768
768
769
770
771
771
772
775
778
778
780
781
782
783
798
1484
1489
1888
2111
2345
2567
2982
815
846
848
850
855
856
857
861
862
863
863
869
873
880
952
1044
1143
1213
1256
1271
1293
1318
1410
1411
1464
1495
1612
1704
1706
1829
1950
2609
773
780
781
784
785
786
789
791
791
791
792
792
795
796
796
797
797
800
801
802
804
808
810
819
826
830
831
835
848
1031
1044
1377
693
777
779
779
784
786
787
789
789
791
792
794
794
795
796
796
803
803
806
808
819
829
831
989
990
1061
1083
1098
1157
1394
1783
2573
791
809
814
854
864
998
1081
1097
1102
1107
1112
1127
1131
1135
1135
1144
1146
1157
1164
1168
1191
1199
1225
1245
1332
1380
1412
1414
1418
1467
1592
1736
765
776
781
783
785
785
786
786
788
789
790
790
793
796
797
806
816
872
1167
1180
1213
1282
1284
1350
1472
1494
1556
2217
2230
2238
2401
2623
783
850
852
854
855
856
857
865
865
866
1106
1196
1317
1318
1403
1510
1518
1551
1622
1774
1861
2093
2124
2149
2177
2367
2430
2582
2641
2672
2721
2812
791
793
794
805
828
880
886
893
899
901
904
904
906
1010
1089
1178
1198
1202
1304
1329
1331
1360
1474
1493
1548
1701
1977
2270
2505
2540
2933
3698
756
788
789
790
791
792
793
795
795
795
797
798
798
799
800
800
803
808
808
808
810
811
813
814
817
819
822
825
826
836
848
964
873
879
879
883
884
889
897
901
902
903
906
907
909
923
991
1074
1119
1121
1123
1130
1131
1133
1137
1181
1186
1199
1224
1319
1338
1343
1355
1363
777
786
787
787
787
794
796
796
797
797
801
802
803
804
805
805
814
817
821
1073
1200
1220
1226
1250
1257
1410
1452
1507
1634
1809
1856
2108
694
768
782
788
789
790
791
795
802
807
824
869
883
887
888
889
892
894
894
898
905
907
909
910
910
911
912
913
969
1722
2222
2384
798
878
893
893
897
899
899
902
1010
1035
1036
1040
1218
1249
1378
1534
1542
1585
1629
1642
1643
1650
1730
1792
1858
1920
1959
2056
2418
3337
3491
8849
744
770
772
773
774
775
785
786
789
790
793
795
795
796
806
815
976
977
1029
1055
1062
1133
1170
1515
1518
1553
1766
1904
1935
2224
2944
2980
772
775
776
779
779
779
780
781
787
788
789
791
792
792
796
840
841
851
870
1033
1210
1230
1290
1494
1605
1624
1659
1818
1895
2012
2202
3897
774
776
776
778
778
779
780
781
782
782
783
783
784
784
784
784
785
785
786
789
789
789
790
791
792
792
798
800
803
804
813
1292
749
778
782
783
788
788
790
793
793
795
795
795
795
796
797
798
799
800
801
802
802
803
804
804
805
807
807
808
809
810
812
1023
771
773
775
777
784
910
950
969
974
997
1009
1024
1052
1060
1084
1092
1138
1155
1159
1159
1213
1268
1280
1299
1360
1373
1379
1382
1419
1456
1516
1953
0
737
757
778
784
844
860
866
866
866
873
874
874
877
883
884
884
885
886
889
893
893
894
897
897
898
898
901
904
939
976
996
855
871
876
876
878
878
879
880
881
882
882
882
883
883
884
884
885
886
891
891
891
897
897
898
899
903
913
913
979
1007
1020
1057
761
769
771
773
775
777
777
790
1007
1045
1059
1093
1104
1115
1119
1148
1179
1208
1212
1254
1291
1321
1340
1430
1491
1504
1523
1618
1665
1764
1965
2604
855
858
860
864
865
867
868
874
876
877
878
878
878
882
884
885
885
885
892
894
895
897
898
900
902
902
905
906
912
920
953
1022
767
774
777
780
783
786
788
788
789
789
790
790
792
792
794
794
795
797
799
800
802
802
804
804
804
806
810
813
813
815
820
822
787
803
804
808
809
811
811
814
816
817
817
817
818
818
820
824
824
826
872
1109
1140
1182
1280
1331
1337
1349
1444
1639
1861
1897
1903
2395
786
786
789
790
790
797
797
799
801
801
802
802
802
802
803
804
816
845
850
852
859
860
862
863
869
870
871
874
874
1669
1745
1776
841
843
848
852
852
853
854
857
858
863
863
863
863
864
865
865
866
867
868
870
871
872
873
877
878
880
881
883
887
890
892
893
810
845
847
849
852
855
856
857
858
858
859
859
860
862
863
863
863
864
865
865
868
869
869
881
887
894
1235
1319
1514
1532
2038
4473
787
788
795
798
804
805
809
809
809
810
818
818
821
824
824
825
826
829
830
835
836
839
841
851
864
1145
1260
1341
1603
1618
1824
1833
782
782
784
792
792
794
798
799
801
802
803
806
808
809
810
813
814
815
815
815
815
815
817
818
820
821
821
821
823
823
829
928
767
772
790
793
794
796
796
797
798
799
799
800
801
802
802
804
805
809
811
811
812
812
812
814
817
817
817
820
825
827
842
2233
747
771
771
780
780
782
782
785
786
786
791
791
795
800
803
813
819
1031
1047
1120
1147
1173
1225
1253
1373
1379
1439
1602
1669
1766
2290
2450
772
784
787
787
856
863
864
868
871
873
873
874
875
876
877
880
881
885
886
892
892
893
893
896
897
900
902
910
959
979
1214
1410
907
920
933
971
978
985
1001
1020
1029
1034
1037
1037
1038
1039
1051
1054
1056
1058
1069
1071
1074
1077
1078
1083
1091
1116
1161
1162
1172
1196
1306
1636
783
793
801
811
820
822
826
854
855
859
861
862
863
865
868
868
869
872
1106
1135
1163
1298
1309
1311
1330
1375
1446
1522
1542
1625
2206
2601
769
770
778
778
779
779
781
782
784
785
788
788
789
790
790
791
793
794
796
796
800
804
805
805
807
807
808
811
812
813
1238
1534
