755
795
798
800
801
801
805
808
822
871
879
1001
1073
1084
1098
1112
1145
1148
1151
1152
1182
1189
1200
1412
1547
1629
1653
1733
2081
2146
2472
2987
709
731
772
783
785
785
788
790
790
791
793
797
798
799
802
806
807
818
826
827
972
991
1014
1042
1141
1174
1187
1227
1362
1404
1571
1892
741
784
784
784
786
788
790
792
793
793
793
795
795
796
797
798
800
800
800
801
801
802
804
805
805
810
812
814
818
827
1184
1372
766
767
777
782
784
785
788
789
792
793
794
795
799
801
802
802
804
804
805
805
805
806
808
808
809
811
820
829
946
1144
1154
1378
733
776
781
781
785
791
791
794
794
795
795
797
797
798
799
800
801
801
802
804
805
805
808
825
838
1048
1079
1403
1414
1426
1430
1431
699
715
771
771
780
781
785
789
790
793
793
793
793
794
795
795
795
797
799
799
805
808
808
812
812
813
816
819
826
986
1350
1405
784
786
786
789
791
791
794
796
796
797
798
798
798
800
800
803
807
808
809
816
949
1045
1049
1060
1081
1160
1449
1507
1569
1630
1874
2123
724
737
769
773
773
774
801
804
811
811
820
849
856
857
923
954
1050
1059
1104
1115
1190
1273
1323
1379
1474
1487
1494
1507
1508
1590
2128
2547
711
738
780
780
780
783
785
787
788
790
790
791
793
793
793
794
795
796
799
799
799
800
802
802
804
805
816
816
817
1186
1228
1470
706
764
773
777
778
783
783
786
786
787
788
789
789
792
793
794
802
803
805
805
806
812
813
819
943
992
1056
1114
1199
1439
1458
1904
711
782
785
785
786
787
794
794
794
794
796
797
797
798
798
798
802
802
804
804
805
810
810
815
818
820
826
941
951
1161
1203
1215
772
777
782
786
787
788
789
790
790
790
792
796
796
797
798
800
801
801
805
806
808
810
810
812
812
812
822
953
1125
1171
1208
1438
768
770
771
782
783
784
784
786
787
789
789
794
794
796
796
796
798
798
799
799
800
803
805
806
806
811
812
818
959
1053
1182
1190
394
702
704
741
766
775
821
907
909
912
968
997
1058
1076
1130
1148
1206
1208
1210
1268
1293
1571
1624
1646
1898
2024
2053
2151
2159
2280
3088
3296
774
777
783
783
785
787
790
791
791
792
792
793
793
794
794
796
798
798
801
803
803
804
805
806
807
808
812
1157
1181
1204
1229
1297
755
769
776
780
786
792
793
794
795
795
795
800
801
801
801
802
803
803
805
806
806
809
811
813
815
881
966
1000
1063
1090
1146
1458
702
727
746
773
774
774
778
779
793
793
794
795
800
800
800
801
802
802
805
805
806
806
810
810
812
812
812
813
813
1204
1210
1381
693
771
787
788
788
788
789
789
790
790
792
796
796
797
797
798
801
802
802
805
805
810
811
813
824
831
1019
1160
1170
1191
1374
1554
748
748
779
780
785
787
787
791
793
794
794
795
796
796
797
798
798
799
799
801
801
802
802
803
807
807
813
940
1184
1218
1401
1439
714
727
768
771
782
785
795
795
800
800
801
805
814
852
933
963
988
1086
1131
1134
1181
1188
1199
1373
1491
1698
1948
2025
2276
2504
2762
3028
682
708
731
735
775
782
789
789
790
790
790
790
798
800
801
801
803
804
809
816
853
939
1060
1112
1149
1180
1335
1345
1417
1430
1594
2057
726
758
769
775
777
783
785
787
790
790
791
792
792
793
794
794
796
797
799
801
801
803
803
804
807
809
813
828
1138
1205
1304
1359
765
772
775
785
787
789
789
791
791
792
793
794
795
797
798
798
800
801
802
803
806
807
807
808
810
810
810
1157
1175
1186
1207
1400
754
777
781
782
784
787
788
791
791
797
797
799
800
802
802
804
805
805
810
823
824
827
947
1198
1411
1413
1421
1428
1434
1434
1437
1485
713
777
779
780
782
788
790
790
791
792
792
793
794
794
795
795
795
797
798
802
803
804
806
807
816
819
829
1146
1173
1177
1223
1438
720
735
744
758
767
778
778
784
785
786
789
791
795
798
798
799
800
806
806
807
807
811
821
887
949
955
995
1170
1368
1748
2119
2405
713
739
754
787
787
787
801
809
810
811
847
902
926
937
942
962
1002
1034
1038
1089
1184
1216
1315
1357
1358
1463
1492
1637
1674
1713
2298
2684
739
761
778
780
786
786
787
788
789
794
794
794
795
795
796
797
798
798
798
798
799
801
804
807
809
812
814
934
955
1141
1181
1188
730
738
774
778
779
784
784
788
790
794
795
795
798
801
802
806
806
807
811
811
812
814
815
819
854
1032
1160
1185
1262
1306
1408
1473
772
776
778
780
780
783
784
787
793
794
796
797
800
800
802
802
803
806
806
807
807
808
812
815
817
825
825
841
1180
1437
1438
1502
713
747
778
783
784
787
787
787
787
787
792
792
794
794
798
799
799
804
805
806
807
811
811
818
819
830
1164
1190
1197
1236
1410
1481
768
768
768
769
775
775
780
783
783
784
785
788
789
791
792
797
798
799
800
800
800
801
801
801
807
810
811
814
968
1010
1453
2416
709
734
769
771
785
794
796
830
843
887
926
933
1027
1044
1051
1091
1105
1271
1290
1331
1358
1532
1566
1570
1648
1950
2023
2172
2235
3971
4098
4577
713
743
748
761
777
778
781
787
788
789
792
795
796
797
797
797
799
802
803
805
805
807
810
814
816
825
848
930
1076
1119
1139
1166
642
703
779
783
785
785
788
789
791
793
794
797
798
798
799
802
802
802
803
804
805
805
805
806
808
812
813
816
1041
1103
1127
1322
709
768
776
781
782
783
785
785
787
791
793
794
796
796
797
799
800
801
803
804
805
807
810
812
813
816
826
1105
1178
1180
1183
1192
766
769
777
780
784
789
789
790
790
792
793
793
794
795
797
797
798
800
804
806
806
806
807
807
809
810
810
821
911
1091
1165
1209
763
768
783
788
788
788
789
792
794
795
795
795
795
796
797
801
802
803
804
804
804
804
804
805
812
815
1028
1123
1175
1378
1443
1480
711
773
777
789
793
794
802
807
810
812
942
989
1040
1054
1092
1114
1157
1190
1257
1315
1379
1401
1494
1642
1718
1761
1800
1915
2593
2636
2716
2750
712
772
775
783
791
793
793
793
794
795
795
796
799
800
808
810
812
813
836
850
954
956
1028
1073
1133
1174
1177
1182
1242
1255
1365
2027
696
780
784
784
784
787
788
790
791
793
793
793
794
795
795
796
796
799
800
801
803
805
806
809
812
814
815
818
939
962
1180
1402
741
768
772
774
777
778
779
785
786
789
792
793
793
795
797
797
799
799
803
804
806
806
806
807
807
808
809
819
1037
1071
1097
1118
699
765
766
772
779
784
785
786
787
789
790
792
795
795
795
796
797
797
798
798
800
802
805
814
823
1047
1066
1067
1121
1162
1203
1383
770
774
775
785
785
785
791
792
795
796
797
798
799
799
800
802
802
802
804
806
806
807
807
808
813
814
816
1078
1082
1120
1177
1399
775
786
793
796
796
798
799
799
801
801
801
803
805
806
809
811
813
813
830
972
1094
1104
1168
1262
1398
1406
1528
1536
1582
2232
2247
2751
704
714
782
787
790
795
796
798
800
807
810
897
914
969
1009
1062
1108
1129
1148
1186
1205
1270
1284
1305
1399
1467
1471
1653
2461
2484
2637
3026
730
744
765
771
773
781
782
784
788
790
792
793
793
794
794
794
797
798
800
800
801
802
805
808
811
813
814
815
1066
1170
1197
1417
655
701
763
773
775
787
789
790
792
796
797
798
798
798
799
799
801
802
802
803
803
805
806
807
809
815
930
967
1183
1219
1305
1418
778
778
779
779
782
782
782
785
787
789
790
790
791
791
793
794
794
794
798
799
800
801
801
802
805
808
861
870
960
1171
1210
1395
584
588
768
769
778
785
786
787
789
790
791
792
792
793
794
795
796
797
800
801
802
804
811
814
816
819
819
821
922
954
1414
1464
781
783
784
788
791
791
792
792
794
794
797
797
797
798
799
800
802
803
805
806
807
811
812
817
817
851
1004
1073
1110
1190
1201
1371
705
729
808
818
830
867
915
924
926
978
983
986
1100
1116
1127
1149
1151
1162
1179
1231
1279
1360
1418
1437
1439
1612
1657
1800
1839
2001
2745
2765
718
740
752
769
774
780
781
782
784
786
786
789
790
793
794
796
797
798
800
802
805
807
808
808
810
814
821
829
879
1024
1144
1427
765
775
782
784
784
787
787
787
787
788
788
788
790
794
795
796
797
798
799
801
803
803
805
805
820
821
1132
1180
1253
1331
1359
1443
732
733
763
772
776
781
782
784
787
790
793
794
795
798
798
800
801
801
802
803
806
806
811
812
817
817
1054
1119
1203
1207
1323
1387
697
776
782
784
787
788
788
789
790
792
794
797
798
799
803
803
804
806
806
807
808
809
809
819
821
824
898
955
1074
1178
1426
1435
768
775
779
784
787
788
789
790
791
791
791
794
794
795
796
798
798
800
800
801
802
802
805
807
807
807
811
812
818
819
1191
1382
767
771
785
787
790
791
795
811
812
867
945
961
988
1071
1074
1112
1158
1194
1208
1322
1378
1456
1462
1479
1911
1960
2037
2107
2210
2485
3151
3817
769
770
777
784
786
786
787
788
788
791
795
803
804
806
809
812
817
820
822
879
992
1062
1087
1111
1172
1180
1290
1334
1423
1588
1862
1893
727
740
774
776
779
780
784
786
788
789
792
792
792
795
796
798
798
798
802
803
804
805
806
810
814
1112
1216
1326
1386
1426
1432
1455
704
760
777
782
782
784
786
787
791
791
792
793
795
795
795
795
797
798
799
803
803
803
804
805
805
807
807
808
924
946
1359
1461
746
773
777
777
784
788
788
788
792
792
793
793
794
795
795
796
797
798
803
803
804
806
806
807
808
814
817
1072
1178
1189
1226
1430
740
765
766
773
780
780
781
782
787
790
792
792
794
794
795
795
796
798
798
799
800
801
801
808
809
811
946
1033
1136
1155
1435
1560
749
770
778
779
783
786
788
791
795
796
797
797
798
799
808
812
830
832
833
888
940
1063
1112
1288
1397
1416
1461
1471
1540
1645
1660
2009
720
721
747
779
779
782
787
799
799
800
806
807
861
935
978
1009
1057
1136
1142
1264
1264
1322
1459
1484
1614
1624
1650
1692
1715
1852
1917
2491
509
541
712
715
743
751
774
775
777
785
787
792
798
799
799
800
802
804
804
804
805
808
808
809
822
886
1147
1160
1212
1357
1503
1516
717
763
769
773
773
782
787
787
792
792
795
798
798
799
800
800
801
804
806
809
810
814
832
922
957
963
1072
1136
1140
1141
1430
1446
774
775
782
786
786
788
789
790
791
792
792
793
794
794
796
797
799
804
804
804
810
811
814
814
815
819
834
1012
1036
1220
1425
1429
695
767
775
780
780
783
786
788
789
790
790
791
791
795
795
795
797
797
797
799
801
801
802
804
804
811
812
834
959
1161
1190
1339
776
779
788
789
790
791
791
793
794
795
795
796
797
799
801
802
803
806
809
812
814
817
834
963
1102
1170
1191
1443
1455
1486
3001
9894
0
725
730
731
735
746
792
814
867
915
936
961
997
1022
1079
1134
1169
1195
1273
1314
1334
1418
1576
1579
1595
1635
1772
1887
1949
2107
2236
2496
700
730
740
784
785
786
786
789
789
789
789
791
792
792
794
797
800
802
802
802
803
804
804
807
808
809
861
1200
1311
1337
1449
1727
723
765
774
776
778
782
783
784
785
786
786
786
788
789
789
793
793
794
795
798
798
800
802
802
803
806
812
814
816
980
1150
1172
775
776
778
779
786
787
787
788
792
793
793
794
795
795
799
800
800
802
807
808
809
810
810
811
811
816
818
948
1152
1175
1380
1423
763
769
770
771
785
790
790
790
790
791
792
792
795
797
798
799
799
800
807
807
808
808
808
810
843
1048
1165
1185
1206
1364
1458
1747
742
757
777
779
780
782
783
784
787
788
790
792
794
797
798
799
799
799
800
800
804
806
809
813
815
818
819
832
1123
1142
1211
1458
0
785
787
787
798
814
832
845
851
864
883
944
964
996
1114
1130
1147
1148
1157
1194
1213
1235
1300
1318
1459
1537
1594
1612
1614
1679
1844
2086
699
729
734
734
736
755
771
773
780
782
784
785
787
791
792
793
798
799
802
803
963
1046
1118
1142
1146
1175
1360
1430
1440
1588
1622
2157
0
730
768
776
777
780
782
784
786
790
792
796
797
798
798
799
799
800
800
801
809
809
810
811
813
820
822
1125
1154
1182
1467
1584
767
772
774
786
787
787
791
792
793
794
795
797
799
802
802
802
804
804
804
805
805
806
809
812
813
815
824
1062
1113
1130
1155
1208
780
783
792
793
795
796
797
797
798
798
801
801
807
816
834
855
872
881
902
922
923
926
947
956
966
1036
1090
1135
1365
1382
1418
1425
743
765
781
785
789
789
790
790
794
794
795
795
798
799
800
800
801
801
801
803
803
806
807
810
811
813
821
824
1105
1131
1150
1161
592
696
777
780
785
785
787
788
791
794
795
796
800
801
811
820
823
826
985
1078
1081
1098
1226
1410
1438
1458
1494
1595
1597
1652
1734
2017
678
707
722
731
757
760
764
764
779
793
804
850
968
989
1009
1011
1073
1075
1101
1120
1173
1237
1240
1247
1420
1421
1497
1644
1915
2289
2322
2808
703
740
775
777
786
786
786
789
789
790
791
791
793
793
794
796
796
797
797
798
798
800
802
803
805
809
812
1067
1110
1169
1193
1210
713
767
778
780
786
787
789
790
793
797
797
797
798
798
798
800
800
802
802
804
804
804
805
805
808
809
810
826
827
1082
1135
1173
764
769
775
780
788
791
799
799
801
802
802
805
806
809
816
818
819
845
871
898
910
925
951
963
1004
1026
1058
1193
1268
1345
1458
1614
770
774
774
787
787
789
791
793
795
796
796
797
798
800
801
801
803
804
804
806
806
808
811
814
814
816
864
1002
1206
1369
1386
1413
767
773
774
776
776
777
780
782
785
785
787
788
789
790
793
794
794
797
798
801
803
803
804
804
807
809
822
1028
1131
1155
1162
1249
700
744
762
785
786
827
848
872
889
889
929
931
979
1012
1020
1064
1071
1102
1148
1165
1230
1333
1359
1374
1397
1501
1649
1667
1903
1942
1975
2592
745
757
775
779
780
780
782
785
787
787
794
794
795
796
797
797
797
798
798
799
804
804
805
806
807
1043
1083
1119
1187
1189
1198
1207
708
750
769
779
780
781
785
787
788
792
794
796
798
798
799
799
803
803
804
804
805
806
808
810
813
817
821
824
1194
1304
1379
1435
772
775
775
775
780
781
782
788
788
788
789
789
792
792
793
793
795
796
796
798
803
807
807
813
815
816
816
1070
1071
1127
1199
1456
728
777
780
783
785
786
787
787
787
791
792
795
796
798
798
798
798
799
799
800
802
802
806
807
807
813
814
815
909
1058
1194
1495
0
767
769
777
783
784
787
788
792
794
796
796
797
797
797
798
798
798
799
799
801
803
803
803
806
806
807
811
1118
1148
1188
1190
703
720
735
747
760
771
787
797
810
812
815
822
825
928
932
958
1054
1121
1195
1232
1233
1432
1452
1553
1582
1598
1609
2097
2195
2429
2540
3136
734
740
756
770
770
776
777
780
786
786
787
787
787
793
796
796
798
805
811
912
1006
1024
1030
1034
1055
1089
1135
1166
1180
1181
1188
1328
764
786
790
791
792
795
796
798
798
799
800
800
800
801
801
803
803
804
804
805
805
806
807
811
814
822
957
1071
1076
1146
1229
1465
748
773
778
785
785
792
792
793
794
796
797
799
800
800
801
801
802
804
804
804
804
810
814
814
835
878
1155
1170
1223
1262
1269
1428
654
669
775
783
789
794
794
794
798
799
800
801
802
804
805
805
805
807
808
810
810
811
813
813
824
937
945
964
1031
1051
1178
1192
