418
543
543
549
550
550
552
554
555
556
557
558
559
559
559
560
561
561
562
563
563
567
569
571
572
572
574
593
783
826
895
984
549
551
551
552
553
554
554
555
555
555
557
559
560
564
565
566
567
567
568
578
621
780
786
792
825
841
888
958
1056
1191
1371
2694
543
545
548
553
554
554
556
560
561
568
569
569
569
576
582
605
702
781
849
952
987
993
1083
1112
1176
1196
1377
1392
1431
1514
1547
1574
550
551
552
553
553
553
554
555
556
556
556
557
557
559
559
560
560
560
561
561
561
561
561
561
562
563
563
564
574
578
584
1479
550
551
552
553
553
553
553
554
554
555
555
556
556
556
556
556
557
558
558
559
559
559
559
560
560
560
568
783
824
968
1095
3660
551
552
554
557
560
560
561
562
570
576
578
585
698
704
750
884
896
912
913
920
940
1004
1043
1049
1200
1272
1347
1349
1637
2095
2638
3386
541
543
549
552
553
553
553
553
553
555
555
556
556
557
557
557
557
557
558
558
558
560
561
561
565
566
567
568
569
574
844
1030
548
550
551
551
551
553
554
554
554
555
556
557
557
558
559
559
559
559
559
559
564
570
570
570
572
572
573
574
575
575
575
598
542
547
555
558
561
562
594
602
602
761
793
818
838
930
974
996
1014
1108
1122
1139
1166
1180
1246
1382
1443
1541
1553
1638
1695
1834
2733
3296
548
551
551
552
552
554
554
555
558
559
559
559
561
561
562
563
565
565
568
570
571
573
573
574
574
576
579
608
750
786
804
1894
551
551
552
552
553
553
553
553
553
554
554
554
555
555
555
556
556
556
557
559
559
560
561
564
565
566
566
573
771
783
784
808
556
560
568
568
572
572
576
763
768
776
799
813
868
966
982
1000
1003
1076
1079
1084
1108
1123
1167
1169
1174
1510
1611
1660
1668
1670
1702
9272
545
546
547
549
550
550
551
551
552
553
553
553
553
553
554
554
554
557
557
558
560
560
562
563
564
566
566
569
571
574
745
1067
551
553
553
554
555
556
556
557
558
558
559
560
560
561
563
565
566
567
569
570
571
572
573
574
583
591
613
755
759
816
837
945
549
561
562
563
565
565
566
566
573
580
582
639
799
811
827
845
889
905
943
953
978
1071
1101
1103
1236
1354
1498
1603
1715
1899
1944
1973
547
549
550
550
550
550
552
552
553
553
553
553
554
555
556
556
556
557
558
559
559
561
561
566
571
572
603
854
951
1210
1553
3180
546
546
546
548
548
550
551
553
555
556
558
560
560
560
563
566
566
568
569
570
570
570
573
575
578
578
579
579
632
783
1062
1700
555
556
556
557
559
562
563
563
564
564
565
566
567
568
580
581
782
783
827
971
1000
1108
1123
1136
1227
1259
1376
1386
1433
1499
1580
1916
548
552
552
553
556
557
559
560
562
564
564
566
566
567
568
569
571
571
577
579
579
581
583
715
772
804
846
936
1088
1186
2593
9264
546
548
549
551
552
552
553
554
555
555
556
558
558
558
558
560
560
561
561
563
564
565
566
569
570
571
581
600
604
796
854
1090
548
550
551
552
553
554
556
558
558
559
560
561
563
563
564
570
571
572
577
594
687
761
924
1054
1100
1193
1215
1347
1648
1939
2035
2095
540
549
549
550
551
553
553
554
554
555
556
556
559
561
562
565
569
570
571
582
659
695
797
844
872
1035
1069
1089
1112
1133
1478
2011
547
550
554
554
554
554
554
556
556
557
557
557
558
558
559
559
560
560
562
563
563
567
568
571
576
578
578
579
580
760
781
855
548
551
552
552
553
553
553
554
554
557
559
559
562
563
563
564
564
565
565
565
568
571
593
598
661
739
772
1108
1110
1202
2548
2726
549
553
553
554
555
555
555
557
559
563
568
569
569
574
582
703
748
760
767
782
861
894
901
981
1012
1036
1066
1391
1447
1495
1548
2243
0
541
543
544
544
544
545
556
557
558
558
558
559
559
559
560
560
561
562
562
562
563
563
564
565
567
567
570
570
571
581
941
543
548
550
551
551
551
551
552
553
554
554
554
554
554
554
554
556
556
556
557
561
562
563
564
568
570
571
575
576
591
1599
1724
551
556
557
558
560
560
568
569
569
571
571
582
584
771
844
917
965
1026
1029
1036
1054
1084
1096
1102
1357
1459
1651
1714
1900
2322
3030
3289
550
551
551
552
552
553
553
554
555
555
555
557
557
557
558
558
559
561
562
562
563
564
564
566
567
567
578
664
756
766
802
1078
541
541
544
544
545
546
547
547
548
548
550
553
553
554
555
556
557
557
558
559
559
559
562
563
563
564
565
570
732
770
856
926
554
556
560
560
561
562
566
570
580
588
626
772
784
881
917
974
995
1042
1059
1080
1101
1125
1128
1140
1176
1391
1396
1680
1693
1728
2392
2843
543
547
549
549
554
557
558
558
558
559
560
561
561
561
563
563
564
565
566
568
568
569
572
574
574
578
618
693
787
796
929
1695
551
551
552
553
553
554
555
555
555
555
556
557
557
558
558
558
559
560
561
562
562
562
564
565
567
574
585
585
781
788
797
1230
546
548
551
552
558
559
575
616
768
774
795
861
887
894
924
1011
1029
1079
1129
1137
1140
1153
1298
1401
1482
1494
1505
1508
1644
2345
2658
4330
543
543
545
545
545
550
551
551
553
553
553
554
557
557
558
559
559
559
562
562
562
565
565
565
566
569
573
582
742
792
808
944
547
548
550
550
550
551
551
551
552
552
553
553
555
556
556
556
557
560
560
561
561
561
561
563
563
568
571
572
807
832
974
1081
539
544
545
545
554
555
559
560
560
560
564
602
681
692
717
729
766
776
918
919
977
1086
1110
1175
1343
1371
1452
1574
1578
2233
2377
3701
551
552
553
553
554
554
556
558
558
559
559
560
560
560
561
561
561
561
563
563
569
569
569
571
578
587
595
597
1063
1153
1156
1648
548
550
551
551
551
551
552
552
553
554
554
554
554
554
555
556
556
557
557
558
558
558
558
560
560
563
568
569
570
573
576
797
550
551
551
552
557
557
559
559
561
562
563
563
563
564
564
598
604
703
730
913
950
1021
1043
1098
1129
1316
1411
1538
2067
2164
2579
3075
544
548
548
549
550
550
550
551
552
553
553
553
553
554
554
554
555
559
563
567
569
570
572
573
827
837
842
1142
1177
1194
1448
1694
540
541
544
548
549
549
550
551
552
552
552
553
553
556
556
558
558
558
558
560
562
562
565
566
567
569
580
582
753
790
927
1699
545
545
546
547
548
552
552
552
552
552
553
555
556
558
559
559
559
564
568
777
783
822
825
831
1014
1050
1090
1178
1335
1437
1611
2154
548
550
551
551
551
553
554
554
556
557
557
559
560
562
563
566
567
586
631
691
710
762
827
859
941
1222
1300
1359
1392
1619
2051
9651
541
542
553
553
555
555
556
556
559
560
561
561
561
561
562
562
562
563
563
567
571
572
573
574
577
577
578
579
583
583
623
814
552
552
552
553
553
554
554
554
555
555
556
556
556
556
558
558
559
559
560
561
571
572
577
581
583
761
821
842
1556
1892
2130
3492
546
547
549
553
554
561
561
562
562
565
567
570
699
700
715
739
788
804
858
866
892
908
1052
1057
1073
1106
1216
1407
1516
1557
2198
2399
543
550
551
551
552
552
553
554
554
554
554
555
556
556
556
556
557
557
558
559
560
560
561
561
562
562
572
704
757
778
789
1290
546
547
548
548
549
549
549
550
553
553
554
555
556
557
557
559
560
560
560
560
561
561
563
563
567
568
569
569
571
573
574
575
546
547
551
560
561
561
562
565
570
714
763
772
789
820
865
868
888
908
915
921
932
1084
1308
1565
1577
1604
1747
2089
2181
2531
3186
3745
549
551
551
552
552
553
554
554
555
555
556
556
559
560
561
563
563
565
567
567
568
568
568
569
570
571
582
583
589
756
781
1491
541
542
543
544
545
545
545
545
547
548
549
550
551
551
551
554
556
557
558
558
558
559
561
567
567
568
568
571
575
576
600
852
544
547
548
555
557
560
562
569
569
576
606
638
712
739
802
816
847
860
888
960
1017
1095
1109
1146
1152
1198
1201
1311
1492
1937
2437
2571
547
550
551
552
552
553
553
553
554
554
554
554
555
555
557
559
562
564
565
566
570
572
573
574
577
579
583
589
593
610
861
1498
547
551
551
552
552
552
553
553
553
554
554
554
555
555
556
556
556
557
557
557
558
560
561
562
565
565
567
568
568
569
573
852
555
556
556
558
558
560
561
561
564
572
581
734
789
791
846
850
850
883
901
999
1052
1080
1101
1116
1138
1150
1270
1478
1653
1664
1927
2934
548
549
550
552
553
553
553
553
553
555
556
556
557
557
557
559
559
559
561
561
561
562
564
566
568
574
579
579
580
776
1041
1088
543
549
549
550
551
552
554
555
556
557
557
557
557
557
558
558
559
559
559
559
561
566
566
567
570
571
579
582
583
583
588
1574
554
555
557
559
559
559
559
560
561
561
562
562
563
566
578
700
701
730
762
770
887
1049
1056
1057
1069
1139
1357
1364
1398
1526
1621
2512
541
543
543
543
544
545
545
547
548
548
548
548
551
552
552
552
552
553
556
564
566
566
569
575
592
776
830
939
1291
1452
1469
2434
539
542
544
544
549
555
558
558
558
558
560
560
560
560
561
561
561
562
563
563
566
567
567
567
569
569
576
578
580
585
764
774
552
555
555
556
556
557
558
558
558
559
559
560
560
561
564
564
581
788
843
928
966
1055
1104
1132
1203
1359
1576
1713
1750
2196
2289
2396
551
551
551
552
554
554
554
555
555
556
557
557
558
567
567
568
569
569
571
574
578
653
766
769
772
801
1138
1316
1342
1488
1612
2013
548
549
551
552
552
555
557
557
557
558
558
558
558
559
560
560
561
562
562
563
563
566
566
566
566
566
567
570
575
701
758
1369
551
554
555
556
557
561
561
561
562
563
566
566
571
572
573
577
579
588
849
911
1046
1075
1076
1076
1414
1601
1622
1662
1719
2343
2758
6463
546
552
553
553
559
564
565
566
568
568
569
577
578
581
582
675
676
693
706
731
774
788
860
1031
1085
1128
1292
1380
1466
1490
1725
2161
550
556
559
559
561
561
562
562
562
563
565
566
566
568
568
571
572
573
573
573
575
576
577
581
583
597
613
624
777
843
1070
1079
541
548
549
551
551
551
555
558
560
561
562
562
564
566
567
570
570
573
578
580
589
819
857
943
1017
1071
1082
1092
1448
1761
2191
3873
557
558
562
566
572
572
575
586
604
641
712
717
738
765
766
767
867
1019
1049
1081
1097
1112
1193
1224
1302
1354
1483
1578
1797
2239
2535
10089
541
549
551
553
554
555
555
556
556
557
557
558
559
559
560
563
563
564
565
565
566
567
568
581
592
604
907
1007
1026
1086
1091
1430
548
549
551
551
552
554
554
556
557
558
558
559
560
562
562
563
564
564
565
565
566
568
568
569
570
570
571
571
574
580
691
777
552
556
562
568
574
577
584
614
663
945
974
989
997
1051
1051
1066
1098
1136
1137
1254
1391
1425
1593
1654
1667
1696
1799
1804
2149
2367
2642
3419
546
547
552
553
554
554
554
555
556
557
557
558
560
561
561
562
564
564
567
569
574
577
582
584
600
612
839
915
1002
1004
1027
1076
547
547
549
550
552
553
553
553
554
554
556
557
558
559
559
560
560
560
560
560
561
563
563
563
564
565
569
573
573
766
825
1215
547
547
550
557
558
562
570
697
700
705
719
722
762
774
803
810
849
876
1054
1076
1099
1116
1135
1327
1350
1452
1822
1884
1944
1953
2054
3797
541
549
549
550
550
553
553
557
557
558
559
559
560
560
560
560
561
563
564
567
567
571
573
573
579
583
657
733
772
785
794
927
542
549
549
552
553
553
553
554
555
555
555
557
558
558
558
558
559
559
559
562
564
567
568
568
574
576
578
596
762
785
796
1552
546
550
551
551
551
552
555
555
556
562
591
724
729
763
796
802
830
835
931
938
974
1035
1097
1101
1124
1194
1313
1565
1645
1845
2210
2401
541
545
546
547
547
549
551
552
553
553
553
554
556
556
556
556
561
566
566
566
571
574
583
585
704
771
788
788
801
936
1115
2391
550
551
551
551
552
552
553
553
553
554
554
554
554
554
554
555
555
555
556
556
557
557
558
558
558
562
572
578
579
785
944
1126
549
549
552
554
558
559
562
562
562
566
568
695
700
702
736
740
776
794
804
809
824
922
923
979
1011
1087
1335
1367
1482
1858
1956
3536
551
551
551
552
553
554
554
555
556
557
558
559
561
561
562
565
567
567
569
571
573
574
599
758
806
891
1113
1151
1405
1458
1506
1661
542
546
548
548
548
549
551
552
555
556
557
559
559
559
560
561
561
561
561
563
564
565
565
565
575
577
577
605
611
757
762
781
543
545
546
550
551
551
551
553
553
553
554
554
555
555
558
558
558
565
565
583
777
943
1016
1122
1149
1166
1208
1464
1632
1861
1944
3424
0
541
542
543
544
544
545
547
547
548
549
549
550
552
557
558
562
562
562
572
765
866
931
1008
1022
1096
1104
1126
1197
1425
1695
2470
0
544
545
547
548
549
551
552
552
553
553
553
554
554
556
557
557
558
558
560
562
565
565
565
566
567
569
571
573
580
769
1631
541
541
542
548
548
548
551
552
554
554
555
555
556
558
558
559
559
563
565
570
571
573
613
682
768
778
1054
1400
2045
2180
2734
2839
552
553
553
555
556
556
556
558
558
560
562
565
594
677
724
765
865
896
944
950
1088
1120
1135
1333
1434
1471
1543
1599
1601
1696
1757
2037
549
551
551
551
555
555
555
556
556
556
557
558
558
558
559
560
560
560
560
561
561
561
562
562
563
563
565
566
567
582
591
810
548
549
550
550
551
554
555
556
556
556
556
556
556
557
557
557
560
560
561
567
567
567
568
569
570
572
576
583
756
1180
2030
2679
549
560
561
561
564
565
565
565
567
571
578
584
584
623
687
705
742
873
908
931
981
1036
1037
1042
1053
1153
1159
1229
1375
1400
1980
2156
546
549
550
551
551
551
552
552
552
553
553
553
555
556
557
558
559
560
560
560
563
567
572
578
581
622
748
749
753
785
818
829
545
552
553
553
555
557
559
559
559
560
562
562
564
565
566
568
568
570
572
574
577
577
578
580
584
594
596
601
772
797
801
805
550
557
560
566
566
570
574
577
600
696
702
736
738
761
768
785
812
837
856
932
1047
1054
1153
1390
1410
1459
1493
1676
1873
2028
2776
3263
550
550
550
551
551
551
551
552
553
553
553
553
555
555
555
556
557
557
560
561
561
563
564
564
565
566
568
570
571
579
816
1103
543
545
552
555
556
556
557
557
558
558
558
558
559
559
559
559
560
561
561
561
561
562
562
562
563
565
568
569
798
943
1034
1419
548
550
552
553
554
555
556
558
569
571
723
763
791
827
831
832
862
946
963
987
1007
1041
1225
1392
1418
1483
1666
1801
1909
1954
2185
10698
542
543
544
544
548
548
548
549
550
551
551
551
552
553
555
556
557
558
561
561
562
563
564
565
566
582
683
772
779
782
795
1073
547
548
551
551
551
552
552
552
552
553
553
554
554
554
554
554
554
555
555
555
557
557
557
558
558
560
560
573
574
577
637
1079
548
552
553
554
554
555
555
555
555
555
561
717
757
893
903
944
957
974
990
998
1075
1083
1089
1145
1251
1306
1382
1452
1735
2056
3277
3586
